Track0: .word 0 

Track1: .word 171, 64, 666, 67, 83, 67, 119, 72, 5, 72, 119, 62, 5, 62, 666, 65, 83, 65, 119, 70, 5, 70, 119, 60, 5, 60, 875, 60, 125, 60, 416, 62, 83, 62, 416, 72, 83, 72, 1375, 67, 125, 67, 244, 72, 5, 72, 244, 74, 5, 74, 125, 70, 250, 70, 119, 70, 5, 70, 1166, 72, 333, 72, 1375, 67, 125, 67, 244, 72, 5, 72, 244, 70, 5, 70, 83, 70, 166, 70, 119, 72, 5, 72, 119, 74, 5, 74, 1166, 76, 333, 76, 1375, 74, 125, 74, 244, 76, 5, 76, 244, 77, 5, 77, 125, 74, 250, 74, 119, 74, 5, 74, 416, 82, 83, 82, 125, 77, 250, 77, 119, 77, 5, 77, 416, 76, 83, 76, 1375, 74, 125, 74, 244, 76, 5, 76, 244, 77, 5, 77, 83, 74, 166, 74, 119, 77, 5, 77, 119, 82, 5, 82, 1166, 67, 333, 67, 666, 72, 83, 72, 666, 67, 83, 67, 416, 70, 83, 70, 416, 69, 83, 69, 416, 67, 83, 67, 416, 65, 83, 65, 416, 64, 83, 64, 244, 64, 5, 64, 119, 65, 5, 65, 119, 67, 5, 67, 744, 67, 5, 67, 244, 72, 5, 72, 244, 67, 5, 67, 244, 70, 5, 70, 416, 69, 83, 69, 416, 67, 83, 67, 416, 64, 83, 64, 244, 65, 5, 65, 244, 67, 5, 67, 666, 72, 83, 72, 666, 67, 83, 67, 416, 70, 83, 70, 416, 69, 83, 69, 416, 67, 83, 67, 416, 65, 83, 65, 416, 64, 83, 64, 83, 64, 166, 64, 119, 65, 5, 65, 119, 67, 5, 67, 416, 67, 83, 67, 244, 67, 5, 67, 119, 69, 5, 69, 119, 70, 5, 70, 416, 72, 83, 72, 83, 72, 166, 72, 119, 74, 5, 74, 119, 76, 5, 76, 1166, 64, 333, 64, 666, 67, 83, 67, 119, 72, 5, 72, 119, 62, 5, 62, 666, 65, 83, 65, 119, 70, 5, 70, 119, 60, 5, 60, 875, 60, 125, 60, 416, 62, 83, 62, 416, 64, 83, 64, 875 

Track2: .word 277, 48, 875, 46, 125, 46, 875, 41, 125, 41, 875, 41, 125, 41, 416, 43, 83, 43, 416, 48, 83, 48, 244, 55, 5, 55, 244, 52, 5, 52, 244, 55, 5, 55, 244, 52, 5, 52, 244, 55, 5, 55, 244, 52, 5, 52, 244, 55, 5, 55, 244, 43, 5, 43, 244, 53, 5, 53, 244, 50, 5, 50, 244, 53, 5, 53, 244, 50, 5, 50, 244, 53, 5, 53, 244, 50, 5, 50, 244, 53, 5, 53, 244, 48, 5, 48, 244, 55, 5, 55, 244, 52, 5, 52, 244, 55, 5, 55, 244, 52, 5, 52, 244, 55, 5, 55, 244, 52, 5, 52, 244, 55, 5, 55, 244, 43, 5, 43, 244, 53, 5, 53, 244, 50, 5, 50, 244, 53, 5, 53, 244, 50, 5, 50, 244, 53, 5, 53, 244, 50, 5, 50, 244, 53, 5, 53, 244, 48, 5, 48, 244, 55, 5, 55, 244, 52, 5, 52, 244, 55, 5, 55, 244, 52, 5, 52, 244, 55, 5, 55, 244, 52, 5, 52, 244, 55, 5, 55, 244, 43, 5, 43, 244, 53, 5, 53, 244, 50, 5, 50, 244, 53, 5, 53, 244, 50, 5, 50, 244, 53, 5, 53, 244, 50, 5, 50, 244, 53, 5, 53, 244, 48, 5, 48, 244, 55, 5, 55, 244, 52, 5, 52, 244, 55, 5, 55, 244, 52, 5, 52, 244, 55, 5, 55, 244, 52, 5, 52, 244, 55, 5, 55, 244, 43, 5, 43, 244, 53, 5, 53, 244, 50, 5, 50, 244, 53, 5, 53, 244, 50, 5, 50, 244, 53, 5, 53, 244, 50, 5, 50, 244, 53, 5, 53, 244, 48, 5, 48, 244, 55, 5, 55, 244, 52, 5, 52, 244, 55, 5, 55, 244, 52, 5, 52, 244, 55, 5, 55, 244, 52, 5, 52, 244, 55, 5, 55, 244, 43, 5, 43, 244, 53, 5, 53, 244, 50, 5, 50, 244, 53, 5, 53, 244, 50, 5, 50, 244, 53, 5, 53, 244, 50, 5, 50, 244, 53, 5, 53, 244, 48, 5, 48, 244, 55, 5, 55, 244, 52, 5, 52, 244, 55, 5, 55, 244, 52, 5, 52, 244, 55, 5, 55, 244, 52, 5, 52, 244, 55, 5, 55, 244, 43, 5, 43, 244, 53, 5, 53, 244, 50, 5, 50, 244, 53, 5, 53, 244, 50, 5, 50, 244, 53, 5, 53, 244, 50, 5, 50, 244, 53, 5, 53, 244, 48, 5, 48, 244, 55, 5, 55, 244, 52, 5, 52, 244, 55, 5, 55, 244, 52, 5, 52, 244, 55, 5, 55, 244, 52, 5, 52, 244, 55, 5, 55, 244, 43, 5, 43, 244, 53, 5, 53, 244, 50, 5, 50, 244, 53, 5, 53, 244, 50, 5, 50, 244, 53, 5, 53, 244, 50, 5, 50, 244, 53, 5, 53, 244, 48, 5, 48, 244, 55, 5, 55, 244, 52, 5, 52, 244, 55, 5, 55, 244, 52, 5, 52, 244, 55, 5, 55, 244, 52, 5, 52, 244, 55, 5, 55, 244, 48, 5, 48, 244, 55, 5, 55, 244, 52, 5, 52, 244, 55, 5, 55, 244, 52, 5, 52, 244, 55, 5, 55, 244, 52, 5, 52, 244, 55, 5, 55, 244, 48, 5, 48, 875, 46, 125, 46, 875, 41, 125, 41, 875, 41, 125, 41, 416, 43, 83, 43, 416, 48, 83, 48, 875 

Track3: .word 85, 36, 994, 34, 5, 34, 994, 29, 5, 29, 994, 29, 5, 29, 494, 31, 5, 31, 494, 36, 5, 36, 994, 36, 5, 36, 994, 31, 5, 31, 994, 31, 5, 31, 994, 36, 5, 36, 994, 36, 5, 36, 994, 31, 5, 31, 994, 31, 5, 31, 994, 36, 5, 36, 994, 36, 5, 36, 994, 31, 5, 31, 994, 31, 5, 31, 994, 36, 5, 36, 994, 36, 5, 36, 994, 31, 5, 31, 994, 31, 5, 31, 994, 36, 5, 36, 994, 36, 5, 36, 994, 31, 5, 31, 994, 31, 5, 31, 994, 36, 5, 36, 994, 36, 5, 36, 994, 31, 5, 31, 994, 31, 5, 31, 994, 36, 5, 36, 994, 36, 5, 36, 994, 31, 5, 31, 994, 31, 5, 31, 994, 36, 5, 36, 994, 36, 5, 36, 994, 31, 5, 31, 994, 31, 5, 31, 994, 36, 5, 36, 994, 34, 5, 34, 994, 29, 5, 29, 994, 29, 5, 29, 494, 31, 5, 31, 494, 36, 5, 36, 994 

Track4: .word 158, 76, 4250, 76, 244, 76, 255, 76, 244, 76, 255, 76, 244, 76, 255, 76, 244, 74, 5, 74, 244, 74, 5, 74, 244, 74, 255, 74, 244, 74, 255, 74, 244, 74, 255, 74, 244, 76, 5, 76, 244, 76, 5, 76, 244, 76, 255, 76, 244, 76, 255, 76, 244, 76, 255, 76, 244, 74, 5, 74, 244, 74, 5, 74, 244, 74, 255, 74, 244, 74, 255, 74, 244, 74, 255, 74, 244, 76, 5, 76, 244, 76, 5, 76, 244, 76, 255, 76, 244, 76, 255, 76, 244, 76, 255, 76, 244, 74, 5, 74, 244, 74, 5, 74, 244, 74, 255, 74, 244, 74, 255, 74, 244, 74, 255, 74, 244, 76, 5, 76, 244, 76, 5, 76, 244, 76, 255, 76, 244, 76, 255, 76, 244, 76, 255, 76, 244, 74, 5, 74, 244, 74, 5, 74, 244, 74, 255, 74, 244, 74, 255, 74, 244, 74, 255, 74, 244, 76, 5, 76, 244, 76, 5, 76, 244, 76, 255, 76, 244, 76, 255, 76, 244, 76, 255, 76, 244, 74, 5, 74, 244, 74, 5, 74, 244, 74, 255, 74, 244, 74, 255, 74, 244, 74, 255, 74, 244, 76, 5, 76, 244, 76, 5, 76, 244, 76, 255, 76, 244, 76, 255, 76, 244, 76, 255, 76, 244, 74, 5, 74, 244, 74, 5, 74, 244, 74, 255, 74, 244, 74, 255, 74, 244, 74, 255, 74, 244, 76, 5, 76, 244, 76, 5, 76, 244, 76, 255, 76, 244, 76, 255, 76, 244, 76, 255, 76, 244, 74, 5, 74, 244, 74, 5, 74, 244, 74, 255, 74, 244, 74, 255, 74, 244, 74, 255, 74, 244, 76, 5, 76, 244, 76, 5, 76, 244, 76, 255, 76, 244, 76, 255, 76, 244, 76, 255, 76, 244, 76, 5, 76, 244, 76, 5, 76, 244, 76, 255, 76, 244, 76, 255, 76, 244, 76, 255, 76, 244 

Track5: .word 258, 72, 4000, 72, 166, 74, 83, 74, 166, 76, 83, 76, 166, 77, 83, 77, 166, 79, 83, 79, 166, 77, 83, 77, 166, 76, 83, 76, 166, 72, 83, 72, 166, 70, 83, 70, 166, 72, 83, 72, 166, 74, 83, 74, 166, 76, 83, 76, 166, 77, 83, 77, 166, 76, 83, 76, 166, 74, 83, 74, 166, 70, 83, 70, 166, 72, 83, 72, 166, 74, 83, 74, 166, 76, 83, 76, 166, 77, 83, 77, 166, 79, 83, 79, 166, 77, 83, 77, 166, 76, 83, 76, 166, 72, 83, 72, 166, 70, 83, 70, 166, 72, 83, 72, 166, 74, 83, 74, 166, 76, 83, 76, 166, 77, 83, 77, 166, 76, 83, 76, 166, 74, 83, 74, 166, 70, 83, 70, 166, 72, 83, 72, 166, 74, 83, 74, 166, 76, 83, 76, 166, 77, 83, 77, 166, 79, 83, 79, 166, 77, 83, 77, 166, 76, 83, 76, 166, 72, 83, 72, 166, 70, 83, 70, 166, 72, 83, 72, 166, 74, 83, 74, 166, 76, 83, 76, 166, 77, 83, 77, 166, 76, 83, 76, 166, 74, 83, 74, 166, 70, 83, 70, 166, 72, 83, 72, 166, 74, 83, 74, 166, 76, 83, 76, 166, 77, 83, 77, 166, 79, 83, 79, 166, 77, 83, 77, 166, 76, 83, 76, 166, 72, 83, 72, 166, 70, 83, 70, 166, 72, 83, 72, 166, 74, 83, 74, 166, 76, 83, 76, 166, 77, 83, 77, 166, 76, 83, 76, 166, 74, 83, 74, 166, 70, 83, 70, 166, 72, 83, 72, 166, 74, 83, 74, 166, 76, 83, 76, 166, 77, 83, 77, 166, 79, 83, 79, 166, 77, 83, 77, 166, 76, 83, 76, 166, 72, 83, 72, 166, 70, 83, 70, 166, 72, 83, 72, 166, 74, 83, 74, 166, 76, 83, 76, 166, 77, 83, 77, 166, 76, 83, 76, 166, 74, 83, 74, 166, 70, 83, 70, 166, 72, 83, 72, 166, 74, 83, 74, 166, 76, 83, 76, 166, 77, 83, 77, 166, 79, 83, 79, 166, 77, 83, 77, 166, 76, 83, 76, 166, 72, 83, 72, 166, 70, 83, 70, 166, 72, 83, 72, 166, 74, 83, 74, 166, 76, 83, 76, 166, 77, 83, 77, 166, 76, 83, 76, 166, 74, 83, 74, 166, 70, 83, 70, 166, 72, 83, 72, 166, 74, 83, 74, 166, 76, 83, 76, 166, 77, 83, 77, 166, 79, 83, 79, 166, 77, 83, 77, 166, 76, 83, 76, 166, 72, 83, 72, 166, 70, 83, 70, 166, 72, 83, 72, 166, 74, 83, 74, 166, 76, 83, 76, 166, 77, 83, 77, 166, 76, 83, 76, 166, 74, 83, 74, 166, 70, 83, 70, 166, 72, 83, 72, 166, 74, 83, 74, 166, 76, 83, 76, 166, 77, 83, 77, 166, 79, 83, 79, 166, 77, 83, 77, 166, 76, 83, 76, 166, 72, 83, 72, 166, 72, 83, 72, 166, 74, 83, 74, 166, 76, 83, 76, 166, 77, 83, 77, 166, 79, 83, 79, 166, 77, 83, 77, 166, 76, 83, 76, 166, 72, 83, 72, 166, 72, 83, 72, 1338 

Track6: .word 30, 72, 4000, 72, 1338, 70, 661, 70, 1338, 72, 661, 72, 1338, 70, 661, 70, 1338, 72, 661, 72, 1338, 70, 661, 70, 1338, 72, 661, 72, 1338, 70, 661, 70, 1338, 72, 661, 72, 1338, 70, 661, 70, 1338, 72, 661, 72, 1338, 70, 661, 70, 1338, 72, 661, 72, 1338, 70, 661, 70, 1338, 72, 661, 72, 3338 

Track7: .word 0 

Track8: .word 0 

Track9: .word 0 

Track10: .word 0 

Track11: .word 0 

Track12: .word 0 

Track13: .word 0 

Track14: .word 0 

Track15: .word 0 

Track16: .word 0 

Track17: .word 0 

Track18: .word 0 

