Track0: .word 0 

Track1: .word 113, 64, 227, 63, 227, 61, 227, 60, 227, 59, 227, 71, 113, 73, 227, 75, 113, 74, 113, 73, 113, 71, 113, 68, 113, 64, 113, 69, 113, 68, 227, 66, 227, 68, 227, 69, 227, 71, 227, 73, 227, 73, 113, 71, 227, 73, 113, 75, 113, 73, 113, 71, 113, 64, 568, 68, 113, 71, 113, 69, 227, 68, 227, 66, 227, 68, 227, 69, 227, 71, 227, 64, 227, 66, 227, 68, 227, 76, 227, 76, 113, 71, 113, 66, 227, 68, 227, 69, 227, 78, 227, 78, 113, 75, 113, 64, 227, 66, 454, 66, 227, 69, 454, 69, 227, 71, 227, 71, 227, 64, 113, 66, 113, 68, 113, 66, 113, 64, 227, 71, 113, 73, 227, 75, 113, 74, 113, 73, 113, 71, 113, 68, 113, 64, 113, 69, 113, 68, 227, 66, 227, 68, 227, 69, 227, 71, 227, 73, 227, 73, 113, 71, 227, 73, 113, 75, 113, 73, 113, 71, 113, 64, 568, 68, 113, 71, 113, 69, 227, 68, 227, 66, 227, 68, 227, 69, 227, 71, 227, 64, 227, 66, 227, 68, 227, 76, 227, 76, 113, 71, 113, 66, 227, 68, 227, 69, 227, 78, 227, 78, 113, 75, 113, 64, 227, 66, 454, 66, 227, 69, 454, 69, 227, 71, 227, 71, 227, 64, 113, 66, 113, 68, 113, 66, 113, 64, 227 

Track2: .word 234, 76, 113, 75, 113, 73, 113, 71, 113, 69, 113, 71, 113, 73, 113, 75, 113, 76, 113, 76, 3, 76, 113, 71, 113, 73, 227, 75, 227, 76, 113, 78, 113, 80, 113, 81, 113, 80, 113, 81, 113, 80, 113, 78, 113, 76, 681, 76, 113, 71, 113, 73, 227, 75, 227, 76, 113, 78, 113, 80, 113, 81, 113, 80, 113, 76, 113, 80, 113, 83, 113, 76, 113, 71, 113, 73, 227, 75, 227, 76, 113, 78, 113, 80, 113, 81, 113, 80, 113, 81, 113, 80, 113, 78, 3, 68, 113, 68, 113, 68, 113, 68, 113, 68, 113, 76, 3, 76, 113, 71, 113, 73, 227, 75, 227, 76, 113, 78, 113, 80, 113, 81, 113, 80, 113, 76, 113, 80, 113, 83, 113, 73, 113, 71, 113, 73, 113, 75, 113, 76, 227, 80, 227, 80, 113, 76, 113, 75, 113, 73, 113, 75, 113, 76, 113, 78, 227, 83, 227, 83, 113, 78, 113, 73, 113, 71, 113, 73, 113, 75, 113, 76, 227, 76, 113, 75, 113, 76, 113, 78, 113, 80, 227, 80, 113, 81, 113, 80, 113, 81, 113, 83, 113, 78, 113, 75, 113, 73, 113, 71, 113, 73, 113, 75, 113, 78, 113, 83, 227, 64, 681, 64, 113, 59, 113, 66, 113, 68, 113, 69, 113, 71, 113, 71, 113, 68, 113, 75, 113, 73, 113, 75, 113, 76, 227, 75, 227, 73, 227, 75, 227, 76, 113, 76, 113, 71, 113, 73, 227, 75, 227, 76, 113, 78, 113, 80, 113, 81, 113, 80, 113, 81, 113, 80, 113, 78, 113, 76, 681, 76, 113, 71, 113, 73, 227, 75, 227, 76, 113, 78, 113, 80, 113, 81, 113, 80, 113, 76, 113, 80, 113, 83, 113, 76, 113, 71, 113, 73, 227, 75, 227, 76, 113, 78, 113, 80, 113, 81, 113, 80, 113, 81, 113, 80, 113, 78, 3, 68, 113, 68, 113, 68, 113, 68, 113, 68, 113, 76, 3, 76, 113, 71, 113, 73, 227, 75, 227, 76, 113, 78, 113, 80, 113, 81, 113, 80, 113, 76, 113, 80, 113, 83, 113, 73, 113, 71, 113, 73, 113, 75, 113, 76, 227, 80, 227, 80, 113, 76, 113, 75, 113, 73, 113, 75, 113, 76, 113, 78, 227, 83, 227, 83, 113, 78, 113, 73, 113, 71, 113, 73, 113, 75, 113, 76, 227, 76, 113, 75, 113, 76, 113, 78, 113, 80, 227, 80, 113, 81, 113, 80, 113, 81, 113, 83, 113, 78, 113, 75, 113, 73, 113, 71, 113, 73, 113, 75, 113, 78, 113, 83, 227, 64, 681, 64, 113, 59, 113, 66, 113, 68, 113, 69, 113, 71, 113, 71, 113, 68, 113, 75, 113, 73, 113, 75, 113, 76, 227, 75, 227, 73, 227, 75, 227, 76, 113, 76, 113, 71, 113 

Track3: .word 243, 64, 1818, 64, 227, 68, 227, 64, 227, 68, 227, 64, 227, 68, 227, 64, 227, 68, 227, 66, 227, 69, 227, 66, 227, 69, 227, 71, 227, 69, 227, 68, 227, 66, 227, 64, 227, 68, 227, 64, 227, 68, 227, 64, 227, 68, 227, 64, 227, 68, 227, 66, 227, 69, 227, 66, 227, 69, 227, 71, 227, 69, 227, 68, 227, 66, 227, 64, 227, 68, 227, 64, 227, 68, 227, 64, 227, 68, 227, 64, 227, 68, 227, 66, 227, 69, 227, 66, 227, 69, 227, 71, 227, 69, 227, 68, 227, 66, 227, 64, 227, 68, 227, 64, 227, 68, 227, 64, 227, 68, 227, 64, 227, 68, 227, 66, 227, 69, 227, 66, 227, 69, 227, 71, 227, 69, 227, 68, 227, 66, 227, 64, 227, 68, 227, 64, 227, 64, 227, 64, 454, 68, 454, 66, 227, 69, 227, 66, 227, 66, 227, 66, 454, 69, 454, 61, 227, 64, 454, 64, 227, 68, 454, 68, 227, 69, 227, 71, 227, 69, 909, 69, 227, 68, 227, 66, 227, 64, 227, 68, 227, 64, 227, 68, 227, 64, 227, 68, 227, 64, 227, 68, 227, 66, 227, 69, 227, 66, 227, 69, 227, 71, 227, 69, 227, 68, 227, 66, 227, 64, 227, 68, 227, 64, 227, 68, 227, 64, 227, 68, 227, 64, 227, 68, 227, 66, 227, 69, 227, 66, 227, 69, 227, 71, 227, 69, 227, 68, 227, 66, 227, 64, 227, 68, 227, 64, 227, 68, 227, 64, 227, 68, 227, 64, 227, 68, 227, 66, 227, 69, 227, 66, 227, 69, 227, 71, 227, 69, 227, 68, 227, 66, 227, 64, 227, 68, 227, 64, 227, 68, 227, 64, 227, 68, 227, 64, 227, 68, 227, 66, 227, 69, 227, 66, 227, 69, 227, 71, 227, 69, 227, 68, 227, 66, 227, 64, 227, 68, 227, 64, 227, 68, 227, 64, 227, 68, 227, 64, 227, 68, 227, 66, 227, 69, 227, 66, 227, 69, 227, 71, 227, 69, 227, 68, 227, 66, 227, 64, 227, 68, 227, 64, 227, 68, 227, 64, 227, 68, 227, 64, 227, 68, 227, 66, 227, 69, 227, 66, 227, 69, 227, 71, 227, 69, 227, 68, 227, 66, 227, 64, 227, 68, 227, 64, 227, 64, 227, 64, 454, 68, 454, 66, 227, 69, 227, 66, 227, 66, 227, 66, 454, 69, 454, 61, 227, 64, 454, 64, 227, 68, 454, 68, 227, 69, 227, 71, 227, 69, 909, 69, 227, 68, 227, 66, 227, 64, 227, 68, 227, 64, 227, 68, 227, 64, 227, 68, 227, 64, 227, 68, 227, 66, 227, 69, 227, 66, 227, 69, 227, 71, 227, 69, 227, 68, 227, 66, 227, 64, 227, 68, 227, 64, 227, 68, 227, 64, 227, 68, 227, 64, 227, 68, 227, 66, 227, 69, 227, 66, 227, 69, 227, 71, 227, 69, 227, 68, 227, 66, 227, 64, 227, 68, 227, 64, 227, 68, 227 

Track4: .word 0 

