Track0: .word 0 

Track1: .word 208, 74, 750, 74, 125, 76, 125, 78, 250, 78, 250, 78, 250, 74, 125, 76, 125, 78, 250, 78, 250, 78, 250, 74, 125, 76, 125, 78, 250, 78, 250, 79, 125, 79, 250, 78, 125, 76, 500, 73, 250, 73, 125, 74, 125, 76, 250, 76, 250, 76, 250, 73, 125, 74, 125, 76, 250, 76, 250, 76, 250, 73, 125, 74, 125, 76, 250, 76, 250, 78, 125, 76, 125, 76, 125, 78, 125, 74, 500, 74, 250, 74, 125, 76, 125, 78, 250, 78, 250, 78, 250, 74, 125, 76, 125, 78, 250, 78, 250, 78, 250, 74, 125, 76, 125, 78, 250, 78, 250, 79, 375, 78, 125, 76, 500, 73, 250, 73, 125, 74, 125, 76, 250, 79, 250, 78, 250, 76, 250, 74, 250, 73, 250, 71, 250, 73, 250, 83, 500, 76, 500, 78, 500, 62, 500, 62, 500, 61, 500, 59, 500, 57, 500, 62, 500, 57, 500, 59, 500, 57, 500, 61, 500, 57, 500, 59, 500, 60, 500, 61, 500, 57, 500, 62, 500, 74, 250, 74, 125, 76, 125, 78, 250, 78, 250, 78, 250, 74, 125, 76, 125, 78, 250, 78, 250, 78, 250, 74, 125, 76, 125, 78, 250, 78, 250, 79, 125, 79, 250, 78, 125, 76, 500, 73, 250, 73, 125, 74, 125, 76, 250, 76, 250, 76, 250, 73, 125, 74, 125, 76, 250, 76, 250, 76, 250, 73, 125, 74, 125, 76, 250, 76, 250, 78, 125, 76, 125, 76, 125, 78, 125, 74, 500, 74, 250, 74, 125, 76, 125, 78, 250, 78, 250, 78, 250, 74, 125, 76, 125, 78, 250, 78, 250, 78, 250, 74, 125, 76, 125, 78, 250, 78, 250, 79, 375, 78, 125, 76, 500, 73, 250, 73, 125, 74, 125, 76, 250, 79, 250, 78, 250, 76, 250, 74, 250, 73, 250, 71, 250, 73, 250, 83, 500, 76, 500, 78, 500, 62, 500, 62, 500, 61, 500, 59, 500, 57, 500, 62, 500, 57, 500, 59, 500, 57, 500, 61, 500, 57, 500, 59, 500, 60, 500, 61, 500, 57, 500, 62, 500, 74, 250, 74, 125, 76, 125, 78, 250, 78, 250, 78, 250, 74, 125, 76, 125, 78, 250, 78, 250, 78, 250, 74, 125, 76, 125, 78, 250, 78, 250, 79, 375, 78, 125, 76, 500, 73, 250, 73, 125, 74, 125, 76, 250, 79, 250, 78, 250, 76, 250, 74, 250, 73, 250, 71, 250, 73, 250, 83, 500, 76, 500, 78, 250, 69, 250, 74, 500 

Track2: .word 88, 50, 1000, 50, 500, 49, 500, 47, 500, 45, 500, 50, 500, 45, 500, 47, 500, 45, 500, 49, 500, 45, 500, 47, 500, 48, 500, 49, 500, 45, 500, 50, 500, 45, 500, 50, 500, 49, 500, 47, 500, 45, 500, 50, 500, 45, 500, 47, 500, 45, 500, 49, 500, 47, 500, 45, 500, 47, 500, 49, 500, 45, 500, 50, 500, 45, 112, 45, 12, 45, 250, 50, 8125, 50, 500, 49, 500, 47, 500, 45, 500, 50, 500, 45, 500, 47, 500, 45, 500, 49, 500, 45, 500, 47, 500, 48, 500, 49, 500, 45, 500, 50, 500, 45, 500, 50, 500, 49, 500, 47, 500, 45, 500, 50, 500, 45, 500, 47, 500, 45, 500, 49, 500, 47, 500, 45, 500, 47, 500, 49, 500, 45, 500, 50, 500, 45, 112, 45, 12, 45, 250, 50, 8125, 50, 500, 49, 500, 47, 500, 45, 500, 50, 500, 45, 500, 47, 500, 45, 500, 49, 500, 47, 500, 45, 500, 47, 500, 49, 500, 45, 500, 66, 250, 57, 250, 62, 500 

Track3: .word 175, 78, 1250, 78, 250, 78, 250, 78, 500, 78, 250, 78, 250, 78, 500, 78, 250, 79, 375, 78, 125, 76, 500, 76, 750, 76, 250, 76, 250, 76, 500, 76, 250, 76, 250, 76, 500, 76, 250, 78, 125, 79, 250, 78, 125, 74, 500, 78, 750, 78, 250, 78, 250, 78, 500, 78, 250, 78, 250, 78, 500, 78, 250, 79, 375, 78, 125, 76, 500, 76, 750, 76, 250, 76, 250, 73, 500, 73, 250, 71, 250, 73, 250, 79, 500, 73, 500, 74, 500, 78, 250, 78, 125, 79, 125, 81, 250, 81, 250, 78, 250, 74, 250, 86, 250, 85, 250, 83, 250, 85, 250, 81, 250, 78, 250, 74, 375, 78, 125, 76, 500, 78, 250, 78, 125, 79, 125, 81, 250, 81, 250, 78, 250, 81, 250, 86, 250, 85, 250, 83, 375, 79, 125, 81, 250, 86, 250, 85, 250, 88, 250, 86, 500, 78, 750, 78, 250, 78, 250, 78, 500, 78, 250, 78, 250, 78, 500, 78, 250, 79, 375, 78, 125, 76, 500, 76, 750, 76, 250, 76, 250, 76, 500, 76, 250, 76, 250, 76, 500, 76, 250, 78, 125, 79, 250, 78, 125, 74, 500, 78, 750, 78, 250, 78, 250, 78, 500, 78, 250, 78, 250, 78, 500, 78, 250, 79, 375, 78, 125, 76, 500, 76, 750, 76, 250, 76, 250, 73, 500, 73, 250, 71, 250, 73, 250, 79, 500, 73, 500, 74, 500, 78, 250, 78, 125, 79, 125, 81, 250, 81, 250, 78, 250, 74, 250, 86, 250, 85, 250, 83, 250, 85, 250, 81, 250, 78, 250, 74, 375, 78, 125, 76, 500, 78, 250, 78, 125, 79, 125, 81, 250, 81, 250, 78, 250, 81, 250, 86, 250, 85, 250, 83, 375, 79, 125, 81, 250, 86, 250, 85, 250, 88, 250, 86, 500, 78, 750, 78, 250, 78, 250, 78, 500, 78, 250, 78, 250, 78, 500, 78, 250, 79, 375, 78, 125, 76, 500, 76, 750, 76, 250, 76, 250, 73, 500, 73, 250, 71, 250, 73, 250, 79, 500, 73, 500, 78, 250, 69, 250, 74, 500 

Track4: .word 175, 66, 1250, 66, 250, 66, 250, 66, 500, 66, 250, 66, 250, 66, 500, 66, 250, 67, 375, 66, 125, 64, 500, 64, 750, 64, 250, 64, 250, 64, 500, 64, 250, 64, 250, 64, 500, 64, 250, 66, 125, 67, 250, 66, 125, 62, 500, 66, 750, 66, 250, 66, 250, 66, 500, 66, 250, 66, 250, 66, 500, 66, 250, 67, 375, 66, 125, 64, 500, 64, 750, 64, 250, 64, 250, 61, 500, 61, 250, 59, 250, 61, 250, 67, 500, 61, 500, 62, 500, 66, 250, 66, 125, 67, 125, 69, 250, 69, 250, 66, 250, 62, 250, 74, 250, 73, 250, 71, 250, 73, 250, 69, 250, 66, 250, 62, 375, 66, 125, 64, 500, 66, 250, 66, 125, 67, 125, 69, 250, 69, 250, 66, 250, 69, 250, 74, 250, 73, 250, 71, 375, 67, 125, 69, 250, 74, 250, 73, 250, 76, 250, 74, 500, 66, 750, 66, 250, 66, 250, 66, 500, 66, 250, 66, 250, 66, 500, 66, 250, 67, 375, 66, 125, 64, 500, 64, 750, 64, 250, 64, 250, 64, 500, 64, 250, 64, 250, 64, 500, 64, 250, 66, 125, 67, 250, 66, 125, 62, 500, 66, 750, 66, 250, 66, 250, 66, 500, 66, 250, 66, 250, 66, 500, 66, 250, 67, 375, 66, 125, 64, 500, 64, 750, 64, 250, 64, 250, 61, 500, 61, 250, 59, 250, 61, 250, 67, 500, 61, 500, 62, 500, 66, 250, 66, 125, 67, 125, 69, 250, 69, 250, 66, 250, 62, 250, 74, 250, 73, 250, 71, 250, 73, 250, 69, 250, 66, 250, 62, 375, 66, 125, 64, 500, 66, 250, 66, 125, 67, 125, 69, 250, 69, 250, 66, 250, 69, 250, 74, 250, 73, 250, 71, 375, 67, 125, 69, 250, 74, 250, 73, 250, 76, 250, 74, 500, 66, 750, 66, 250, 66, 250, 66, 500, 66, 250, 66, 250, 66, 500, 66, 250, 67, 375, 66, 125, 64, 500, 64, 750, 64, 250, 64, 250, 61, 500, 61, 250, 59, 250, 61, 250, 67, 500, 61, 500, 66, 250, 57, 250, 62, 500 

Track5: .word 48, 50, 17000, 50, 250, 54, 625, 43, 125, 43, 250, 47, 625, 45, 125, 45, 250, 50, 625, 49, 125, 49, 250, 49, 625, 50, 125, 50, 250, 54, 625, 43, 125, 43, 250, 47, 625, 54, 125, 45, 500, 55, 500, 54, 250, 54, 250, 54, 500, 50, 16000, 50, 250, 54, 625, 43, 125, 43, 250, 47, 625, 45, 125, 45, 250, 50, 625, 49, 125, 49, 250, 49, 625, 50, 125, 50, 250, 54, 625, 43, 125, 43, 250, 47, 625, 54, 125, 45, 500, 55, 500, 54, 250, 54, 250, 54, 500 

Track6: .word 121, 66, 1250, 66, 250, 66, 250, 66, 500, 66, 250, 66, 250, 66, 500, 66, 250, 67, 375, 66, 125, 64, 250, 64, 1000, 64, 250, 64, 250, 64, 500, 64, 250, 64, 250, 64, 500, 64, 250, 66, 125, 67, 250, 66, 125, 62, 500, 66, 750, 66, 250, 66, 250, 66, 500, 66, 250, 66, 250, 66, 500, 66, 250, 67, 375, 66, 125, 64, 500, 64, 750, 64, 250, 64, 250, 61, 500, 61, 250, 59, 250, 61, 250, 67, 500, 61, 500, 62, 500, 66, 6500, 57, 500, 67, 500, 66, 250, 66, 250, 66, 500, 66, 250, 66, 250, 66, 250, 66, 500, 66, 250, 66, 250, 66, 500, 66, 250, 67, 375, 66, 125, 64, 250, 64, 1000, 64, 250, 64, 250, 64, 500, 64, 250, 64, 250, 64, 500, 64, 250, 66, 125, 67, 250, 66, 125, 62, 500, 66, 750, 66, 250, 66, 250, 66, 500, 66, 250, 66, 250, 66, 500, 66, 250, 67, 375, 66, 125, 64, 500, 64, 750, 64, 250, 64, 250, 61, 500, 61, 250, 59, 250, 61, 250, 67, 500, 61, 500, 62, 500, 66, 6500, 57, 500, 67, 500, 66, 250, 66, 250, 66, 500, 66, 250, 66, 250, 66, 250, 66, 500, 66, 250, 66, 250, 66, 500, 66, 250, 67, 375, 66, 125, 64, 500, 64, 750, 64, 250, 64, 250, 61, 500, 61, 250, 59, 250, 61, 250, 67, 500, 61, 500, 62, 500 

Track7: .word 279, 62, 750, 62, 125, 64, 125, 66, 125, 62, 625, 62, 125, 64, 125, 66, 125, 62, 625, 62, 125, 64, 125, 66, 125, 66, 125, 66, 125, 67, 125, 67, 125, 66, 250, 66, 125, 64, 125, 66, 125, 66, 125, 66, 125, 66, 125, 61, 125, 61, 125, 62, 125, 64, 125, 61, 625, 61, 125, 62, 125, 64, 125, 61, 625, 61, 125, 62, 125, 64, 125, 64, 125, 64, 125, 66, 125, 66, 125, 64, 125, 64, 125, 66, 125, 62, 125, 62, 625, 62, 125, 64, 125, 66, 125, 62, 625, 62, 125, 64, 125, 66, 125, 62, 625, 62, 125, 64, 125, 66, 125, 66, 125, 66, 125, 67, 125, 67, 125, 66, 250, 66, 125, 64, 125, 61, 625, 61, 125, 62, 125, 64, 125, 67, 125, 67, 125, 66, 125, 66, 125, 64, 125, 64, 125, 62, 125, 62, 125, 61, 125, 61, 125, 59, 125, 59, 125, 61, 125, 61, 125, 71, 125, 71, 125, 64, 375, 64, 125, 66, 375, 66, 125, 66, 625, 66, 125, 67, 125, 69, 250, 69, 250, 66, 250, 62, 250, 74, 250, 73, 250, 71, 250, 73, 250, 69, 250, 66, 250, 62, 375, 66, 125, 64, 500, 66, 250, 66, 125, 67, 125, 69, 250, 69, 250, 66, 250, 69, 250, 74, 250, 73, 250, 71, 375, 67, 125, 69, 250, 74, 250, 73, 250, 76, 250, 74, 500, 62, 250, 62, 125, 64, 125, 66, 125, 62, 625, 62, 125, 64, 125, 66, 125, 62, 625, 62, 125, 64, 125, 66, 125, 66, 125, 66, 125, 67, 125, 67, 125, 66, 250, 66, 125, 64, 125, 66, 125, 66, 125, 66, 125, 66, 125, 61, 125, 61, 125, 62, 125, 64, 125, 61, 625, 61, 125, 62, 125, 64, 125, 61, 625, 61, 125, 62, 125, 64, 125, 64, 125, 64, 125, 66, 125, 66, 125, 64, 125, 64, 125, 66, 125, 62, 125, 62, 625, 62, 125, 64, 125, 66, 125, 62, 625, 62, 125, 64, 125, 66, 125, 62, 625, 62, 125, 64, 125, 66, 125, 66, 125, 66, 125, 67, 125, 67, 125, 66, 250, 66, 125, 64, 125, 61, 625, 61, 125, 62, 125, 64, 125, 67, 125, 67, 125, 66, 125, 66, 125, 64, 125, 64, 125, 62, 125, 62, 125, 61, 125, 61, 125, 59, 125, 59, 125, 61, 125, 61, 125, 71, 125, 71, 125, 64, 375, 64, 125, 66, 375, 66, 125, 66, 625, 66, 125, 67, 125, 69, 250, 69, 250, 66, 250, 62, 250, 74, 250, 73, 250, 71, 250, 73, 250, 69, 250, 66, 250, 62, 375, 66, 125, 64, 500, 66, 250, 66, 125, 67, 125, 69, 250, 69, 250, 66, 250, 69, 250, 74, 250, 73, 250, 71, 375, 67, 125, 69, 250, 74, 250, 73, 250, 76, 250, 74, 500, 66, 500, 66, 125, 62, 625, 62, 125, 64, 125, 66, 125, 62, 625, 62, 125, 64, 125, 66, 125, 66, 125, 66, 125, 67, 125, 67, 125, 66, 250, 66, 125, 64, 125, 61, 625, 61, 125, 62, 125, 64, 125, 67, 125, 67, 125, 66, 125, 66, 125, 64, 125, 64, 125, 62, 125, 62, 125, 61, 125, 61, 125, 59, 125, 59, 125, 61, 125, 61, 125, 71, 125, 71, 125, 64, 375, 64, 125, 62, 375, 66, 250, 57, 250, 62, 500 

Track8: .word 306, 49, 8000, 49, 500, 53, 250, 53, 125, 67, 125, 59, 125, 59, 125, 59, 125, 47, 125, 59, 125, 53, 125, 53, 125, 43, 125, 59, 125, 59, 125, 59, 125, 45, 125, 59, 125, 53, 125, 53, 125, 41, 125, 59, 125, 59, 125, 59, 125, 47, 125, 59, 125, 53, 125, 53, 125, 43, 125, 59, 125, 59, 125, 59, 125, 45, 125, 59, 125, 53, 125, 53, 125, 41, 125, 53, 125, 59, 375, 53, 125, 59, 375, 53, 125, 59, 375, 53, 125, 47, 375, 53, 125, 47, 125, 49, 183, 43, 66, 53, 125, 43, 125, 49, 183, 45, 66, 53, 125, 45, 125, 49, 183, 41, 66, 41, 125, 41, 125, 59, 250, 53, 125, 59, 125, 59, 125, 49, 58, 47, 66, 53, 125, 59, 125, 59, 125, 43, 125, 53, 125, 59, 125, 59, 125, 45, 125, 53, 125, 59, 125, 59, 125, 41, 125, 53, 125, 59, 125, 59, 125, 47, 125, 53, 125, 59, 125, 59, 125, 43, 125, 53, 125, 59, 125, 59, 125, 45, 125, 53, 125, 59, 125, 59, 125, 41, 125, 53, 125, 59, 125, 59, 125, 49, 58, 47, 66, 53, 125, 59, 125, 59, 125, 43, 125, 53, 125, 59, 125, 59, 125, 45, 125, 53, 125, 59, 125, 59, 125, 41, 125, 59, 125, 47, 125, 49, 183, 43, 66, 53, 125, 43, 125, 49, 183, 45, 66, 53, 125, 45, 125, 59, 125, 45, 125, 59, 125, 45, 125, 49, 183, 49, 7066, 49, 500, 53, 250, 53, 125, 67, 125, 59, 125, 59, 125, 59, 125, 47, 125, 59, 125, 53, 125, 53, 125, 43, 125, 59, 125, 59, 125, 59, 125, 45, 125, 59, 125, 53, 125, 53, 125, 41, 125, 59, 125, 59, 125, 59, 125, 47, 125, 59, 125, 53, 125, 53, 125, 43, 125, 59, 125, 59, 125, 59, 125, 45, 125, 59, 125, 53, 125, 53, 125, 41, 125, 53, 125, 59, 375, 53, 125, 59, 375, 53, 125, 59, 375, 53, 125, 47, 375, 53, 125, 47, 125, 49, 183, 43, 66, 53, 125, 43, 125, 49, 183, 45, 66, 53, 125, 45, 125, 49, 183, 41, 66, 41, 125, 41, 125, 59, 250, 53, 125, 59, 125, 59, 125, 49, 58, 47, 66, 53, 125, 59, 125, 59, 125, 43, 125, 53, 125, 59, 125, 59, 125, 45, 125, 53, 125, 59, 125, 59, 125, 41, 125, 53, 125, 59, 125, 59, 125, 47, 125, 53, 125, 59, 125, 59, 125, 43, 125, 53, 125, 59, 125, 59, 125, 45, 125, 53, 125, 59, 125, 59, 125, 41, 125, 53, 125, 59, 125, 59, 125, 49, 58, 47, 66, 53, 125, 59, 125, 59, 125, 43, 125, 53, 125, 59, 125, 59, 125, 45, 125, 53, 125, 59, 125, 59, 125, 41, 125, 59, 125, 47, 125, 49, 183, 43, 66, 53, 125, 43, 125, 49, 183, 45, 66, 53, 125, 45, 125, 59, 125, 45, 125, 59, 125, 45, 125, 49, 183, 47, 66, 59, 125, 59, 125, 59, 125, 47, 125, 59, 125, 53, 125, 53, 125, 43, 125, 59, 125, 59, 125, 59, 125, 45, 125, 59, 125, 53, 125, 53, 125, 41, 125, 59, 125, 59, 125, 59, 125, 47, 125, 59, 125, 53, 125, 53, 125, 43, 125, 59, 125, 59, 125, 59, 125, 45, 125, 59, 125, 53, 125, 53, 125, 41, 125, 53, 125, 59, 375, 53, 125, 59, 375, 53, 125, 59, 375, 53, 125, 47, 375, 53, 125, 47, 125, 49, 183, 43, 66, 53, 125, 43, 125, 49, 183, 45, 66, 53, 125, 45, 125, 49, 183, 41, 66, 41, 125, 41, 125, 49, 683 

Track9: .word 512, 91, 17000, 91, 31, 95, 31, 95, 31, 98, 31, 98, 31, 103, 31, 103, 31, 107, 31, 107, 31, 103, 31, 103, 31, 98, 31, 98, 31, 95, 31, 95, 31, 91, 31, 91, 31, 95, 31, 95, 31, 98, 31, 98, 31, 103, 31, 103, 31, 107, 31, 107, 31, 103, 31, 103, 31, 98, 31, 98, 31, 95, 31, 95, 31, 96, 31, 96, 31, 100, 31, 100, 31, 103, 31, 103, 31, 108, 31, 108, 31, 112, 31, 112, 31, 108, 31, 108, 31, 103, 31, 103, 31, 100, 31, 100, 31, 96, 31, 96, 31, 100, 31, 100, 31, 103, 31, 103, 31, 108, 31, 108, 31, 112, 31, 112, 31, 108, 31, 108, 31, 103, 31, 103, 31, 100, 31, 100, 31, 96, 31, 96, 31, 100, 31, 100, 31, 103, 31, 103, 31, 108, 31, 108, 31, 112, 31, 112, 31, 108, 31, 108, 31, 103, 31, 103, 31, 100, 31, 100, 31, 96, 31, 96, 31, 100, 31, 100, 31, 103, 31, 103, 31, 108, 31, 108, 31, 112, 31, 112, 31, 108, 31, 108, 31, 103, 31, 103, 31, 100, 31, 100, 31, 101, 31, 101, 31, 105, 31, 105, 31, 108, 31, 108, 31, 113, 31, 113, 31, 117, 31, 117, 31, 113, 31, 113, 31, 108, 31, 108, 31, 105, 31, 105, 31, 101, 31, 101, 31, 105, 31, 105, 31, 108, 31, 108, 31, 113, 31, 113, 31, 117, 31, 117, 31, 113, 31, 113, 31, 108, 31, 108, 31, 105, 31, 105, 31, 91, 31, 91, 31, 95, 31, 95, 31, 98, 31, 98, 31, 103, 31, 103, 31, 107, 31, 107, 31, 103, 31, 103, 31, 98, 31, 98, 31, 95, 31, 95, 31, 91, 31, 91, 31, 95, 31, 95, 31, 98, 31, 98, 31, 103, 31, 103, 31, 107, 31, 107, 31, 103, 31, 103, 31, 98, 31, 98, 31, 95, 31, 95, 31, 96, 31, 96, 31, 100, 31, 100, 31, 103, 31, 103, 31, 108, 31, 108, 31, 112, 31, 112, 31, 108, 31, 108, 31, 103, 31, 103, 31, 100, 31, 100, 31, 96, 31, 96, 31, 100, 31, 100, 31, 103, 31, 103, 31, 108, 31, 108, 31, 112, 31, 112, 31, 108, 31, 108, 31, 103, 31, 103, 31, 100, 31, 100, 31, 96, 31, 96, 31, 100, 31, 100, 31, 103, 31, 103, 31, 108, 31, 108, 31, 112, 31, 112, 31, 108, 31, 108, 31, 103, 31, 103, 31, 100, 31, 100, 31, 96, 31, 96, 31, 100, 31, 100, 31, 103, 31, 103, 31, 108, 31, 108, 31, 112, 31, 112, 31, 108, 31, 108, 31, 103, 31, 103, 31, 100, 31, 100, 31, 101, 31, 101, 31, 105, 31, 105, 31, 108, 31, 108, 31, 113, 31, 113, 31, 117, 31, 117, 31, 113, 31, 113, 31, 108, 31, 108, 31, 105, 31, 105, 31, 101, 31, 101, 31, 105, 31, 105, 31, 108, 31, 108, 31, 113, 31, 113, 31, 117, 31, 117, 31, 113, 31, 113, 31, 108, 31, 108, 31, 105, 31, 105, 31, 91, 16031, 91, 31, 95, 31, 95, 31, 98, 31, 98, 31, 103, 31, 103, 31, 107, 31, 107, 31, 103, 31, 103, 31, 98, 31, 98, 31, 95, 31, 95, 31, 91, 31, 91, 31, 95, 31, 95, 31, 98, 31, 98, 31, 103, 31, 103, 31, 107, 31, 107, 31, 103, 31, 103, 31, 98, 31, 98, 31, 95, 31, 95, 31, 96, 31, 96, 31, 100, 31, 100, 31, 103, 31, 103, 31, 108, 31, 108, 31, 112, 31, 112, 31, 108, 31, 108, 31, 103, 31, 103, 31, 100, 31, 100, 31, 96, 31, 96, 31, 100, 31, 100, 31, 103, 31, 103, 31, 108, 31, 108, 31, 112, 31, 112, 31, 108, 31, 108, 31, 103, 31, 103, 31, 100, 31, 100, 31, 96, 31, 96, 31, 100, 31, 100, 31, 103, 31, 103, 31, 108, 31, 108, 31, 112, 31, 112, 31, 108, 31, 108, 31, 103, 31, 103, 31, 100, 31, 100, 31, 96, 31, 96, 31, 100, 31, 100, 31, 103, 31, 103, 31, 108, 31, 108, 31, 112, 31, 112, 31, 108, 31, 108, 31, 103, 31, 103, 31, 100, 31, 100, 31, 101, 31, 101, 31, 105, 31, 105, 31, 108, 31, 108, 31, 113, 31, 113, 31, 117, 31, 117, 31, 113, 31, 113, 31, 108, 31, 108, 31, 105, 31, 105, 31, 101, 31, 101, 31, 105, 31, 105, 31, 108, 31, 108, 31, 113, 31, 113, 31, 117, 31, 117, 31, 113, 31, 113, 31, 108, 31, 108, 31, 105, 31, 105, 31, 91, 31, 91, 31, 95, 31, 95, 31, 98, 31, 98, 31, 103, 31, 103, 31, 107, 31, 107, 31, 103, 31, 103, 31, 98, 31, 98, 31, 95, 31, 95, 31, 91, 31, 91, 31, 95, 31, 95, 31, 98, 31, 98, 31, 103, 31, 103, 31, 107, 31, 107, 31, 103, 31, 103, 31, 98, 31, 98, 31, 95, 31, 95, 31, 96, 31, 96, 31, 100, 31, 100, 31, 103, 31, 103, 31, 108, 31, 108, 31, 112, 31, 112, 31, 108, 31, 108, 31, 103, 31, 103, 31, 100, 31, 100, 31, 96, 31, 96, 31, 100, 31, 100, 31, 103, 31, 103, 31, 108, 31, 108, 31, 112, 31, 112, 31, 108, 31, 108, 31, 103, 31, 103, 31, 100, 31, 100, 31, 96, 31, 96, 31, 100, 31, 100, 31, 103, 31, 103, 31, 108, 31, 108, 31, 112, 31, 112, 31, 108, 31, 108, 31, 103, 31, 103, 31, 100, 31, 100, 31, 96, 31, 96, 31, 100, 31, 100, 31, 103, 31, 103, 31, 108, 31, 108, 31, 112, 31, 112, 31, 108, 31, 108, 31, 103, 31, 103, 31, 100, 31, 100, 31, 101, 31, 101, 31, 105, 31, 105, 31, 108, 31, 108, 31, 113, 31, 113, 31, 117, 31, 117, 31, 113, 31, 113, 31, 108, 31, 108, 31, 105, 31, 105, 31, 101, 31, 101, 31, 105, 31, 105, 31, 108, 31, 108, 31, 113, 31, 113, 31, 117, 31, 117, 31, 113, 31, 113, 31, 108, 31, 108, 31, 105, 31, 105, 31 

Track10: .word 105, 45, 8500, 45, 500, 50, 500, 49, 500, 47, 500, 45, 500, 50, 500, 45, 500, 47, 500, 45, 500, 49, 500, 47, 500, 45, 500, 47, 500, 49, 500, 45, 500, 50, 500, 45, 112, 45, 12, 45, 250, 50, 125, 50, 250, 54, 625, 43, 125, 43, 250, 47, 625, 45, 125, 45, 250, 50, 625, 49, 125, 49, 250, 49, 625, 50, 125, 50, 250, 54, 625, 43, 125, 43, 250, 47, 625, 54, 125, 45, 500, 55, 500, 54, 250, 54, 250, 54, 500, 45, 7500, 45, 500, 50, 500, 49, 500, 47, 500, 45, 500, 50, 500, 45, 500, 47, 500, 45, 500, 49, 500, 47, 500, 45, 500, 47, 500, 49, 500, 45, 500, 50, 500, 45, 112, 45, 12, 45, 250, 50, 125, 50, 250, 54, 625, 43, 125, 43, 250, 47, 625, 45, 125, 45, 250, 50, 625, 49, 125, 49, 250, 49, 625, 50, 125, 50, 250, 54, 625, 43, 125, 43, 250, 47, 625, 54, 125, 45, 500, 55, 500, 54, 250, 54, 250, 54, 500, 50, 500, 49, 500, 47, 500, 45, 500, 50, 500, 45, 500, 47, 500, 45, 500, 49, 500, 47, 500, 45, 500, 47, 500, 49, 500, 45, 500, 54, 250, 45, 250, 50, 500 

Track11: .word 0 

Track12: .word 0 

