

' '
0 0 0 0 0 0
0 0 0 0 0 0
0 0 0 0 0 0
0 0 0 0 0 0
0 0 0 0 0 0 0 0
0 0 0 0 0 0
0 0 0 0 0 0
0 0 0 0 0 0
0 0 0 0 0 0
0 0 0 0 0 0 0 0

'!'
0 0 1 0 0 0
0 0 1 0 0 0
0 0 1 0 0 0
0 0 1 0 0 0
0 0 1 0 0 0 0 0
0 0 1 0 0 0
0 0 0 0 0 0
0 0 1 0 0 0
0 0 1 0 0 0
0 0 0 0 0 0 0 0

'"'
0 1 0 0 1 0
1 0 0 1 0 0
1 1 0 1 1 0
1 1 0 1 1 0
0 0 0 0 0 0 0 0
0 0 0 0 0 0
0 0 0 0 0 0
0 0 0 0 0 0
0 0 0 0 0 0
0 0 0 0 0 0 0 0

'#' (não tem no Pokemon FireRed!)
0 0 0 0 0 0
0 1 0 1 0 0
0 1 0 1 0 0
1 1 1 1 1 0
0 1 0 1 0 0 0 0
0 1 0 1 0 0
1 1 1 1 1 0
0 1 0 1 0 0
0 1 0 1 0 0
0 0 0 0 0 0 0 0

'$' (no jogo é um símbolo estranho)
0 1 1 1 0 0
0 1 0 0 1 0
0 1 0 0 1 0
0 1 1 1 0 0
0 1 0 0 0 0 0 0
1 1 1 1 1 0
0 1 0 0 0 0
1 1 1 1 1 0
0 1 0 0 0 0
0 0 0 0 0 0 0 0

'%'
1 1 1 0 1 0
1 0 1 0 1 0
1 1 1 1 0 0
0 0 1 1 0 0
0 0 1 0 0 0 0 0
0 0 1 0 0 0
0 1 1 1 1 0
0 1 1 0 1 0
1 0 1 1 1 0
1 0 0 0 0 0 0 0

'&'
0 0 1 0 0 0
0 1 0 1 0 0
0 1 0 1 0 0
0 0 1 0 0 0
0 0 1 0 1 0 0 0
0 1 0 1 0 0
1 0 0 1 0 0
1 0 0 1 0 0
0 1 1 0 1 0
0 0 0 0 0 0 0 0

'''
1 1 0 0 0 0
1 1 0 0 0 0
0 1 0 0 0 0
1 0 0 0 0 0
0 0 0 0 0 0 0 0
0 0 0 0 0 0
0 0 0 0 0 0
0 0 0 0 0 0
0 0 0 0 0 0
0 0 0 0 0 0 0 0

'('
0 0 1 0 0 0
0 1 0 0 0 0
0 1 0 0 0 0
0 1 0 0 0 0
0 1 0 0 0 0 0 0
0 1 0 0 0 0
0 1 0 0 0 0
0 1 0 0 0 0
0 0 1 0 0 0
0 0 0 0 0 0 0 0

'+'
0 0 0 0 0 0
0 0 0 0 0 0
0 0 1 0 0 0
0 0 1 0 0 0
1 1 1 1 1 0 0 0
0 0 1 0 0 0
0 0 1 0 0 0
0 0 0 0 0 0
0 0 0 0 0 0
0 0 0 0 0 0 0 0

'-'
0 0 0 0 0 0
0 0 0 0 0 0
0 0 0 0 0 0
0 0 0 0 0 0
1 1 1 1 1 0 0 0
0 0 0 0 0 0
0 0 0 0 0 0
0 0 0 0 0 0
0 0 0 0 0 0
0 0 0 0 0 0 0 0

'.'
0 0 0 0 0 0
0 0 0 0 0 0
0 0 0 0 0 0
0 0 0 0 0 0
0 0 0 0 0 0 0 0
0 0 0 0 0 0
0 0 0 0 0 0
0 0 1 1 0 0
0 0 1 1 0 0
0 0 0 0 0 0 0 0

')'
0 1 0 0 0 0
0 0 1 0 0 0
0 0 1 0 0 0
0 0 1 0 0 0
0 0 1 0 0 0 0 0
0 0 1 0 0 0
0 0 1 0 0 0
0 0 1 0 0 0
0 1 0 0 0 0
0 0 0 0 0 0 0 0

'*' (não tem no Pokemon FireRed!)
0 0 1 0 0 0
1 0 1 0 1 0
0 1 1 1 0 0
1 1 1 1 1 0
0 1 1 1 0 0 0 0
1 0 1 0 1 0
0 0 1 0 0 0
0 0 0 0 0 0
0 0 0 0 0 0
0 0 0 0 0 0 0 0

','
0 0 0 0 0 0
0 0 0 0 0 0
0 0 0 0 0 0
0 0 0 0 0 0
0 0 0 0 0 0 0 0
0 1 1 0 0 0
0 1 1 0 0 0
0 0 1 0 0 0
0 1 0 0 0 0
0 0 0 0 0 0 0 0

'/'
0 0 0 0 1 0
0 0 0 0 1 0
0 0 0 1 0 0
0 0 0 1 0 0
0 0 1 0 0 0 0 0
0 0 1 0 0 0
0 1 0 0 0 0
0 1 0 0 0 0
1 0 0 0 0 0
1 0 0 0 0 0 0 0

'0'
0 1 1 1 0 0
1 0 0 0 1 0
1 0 0 0 1 0
1 0 0 0 1 0
1 0 0 0 1 0 0 0
1 0 0 0 1 0
1 0 0 0 1 0
1 0 0 0 1 0
0 1 1 1 0 0
0 0 0 0 0 0 0 0

'1'
0 0 1 0 0 0 
0 1 1 0 0 0 
0 0 1 0 0 0 
0 0 1 0 0 0 
0 0 1 0 0 0 0 0
0 0 1 0 0 0 
0 0 1 0 0 0 
0 0 1 0 0 0 
0 1 1 1 0 0 
0 0 0 0 0 0 0 0

'2'
0 1 1 1 0 0
1 0 0 0 1 0
1 0 0 0 1 0
0 0 0 0 1 0
0 0 0 1 0 0 0 0
0 0 1 0 0 0
0 1 0 0 0 0
1 0 0 0 0 0
1 1 1 1 1 0
0 0 0 0 0 0 0 0

'3'
0 1 1 1 0 0
1 0 0 0 1 0
0 0 0 0 1 0
0 0 0 0 1 0
0 0 1 1 0 0 0 0
0 0 0 0 1 0
0 0 0 0 1 0
1 0 0 0 1 0
0 1 1 1 0 0
0 0 0 0 0 0 0 0

'4'
0 0 1 1 0 0
0 1 0 1 0 0
0 1 0 1 0 0
1 0 0 1 0 0
1 0 0 1 0 0 0 0
1 0 0 1 0 0
1 1 1 1 1 0
0 0 0 1 0 0
0 0 0 1 0 0
0 0 0 0 0 0 0 0

'5'
1 1 1 1 1 0
1 0 0 0 0 0
1 0 0 0 0 0
1 0 0 0 0 0
1 1 1 1 0 0 0 0
0 0 0 0 1 0
0 0 0 0 1 0
1 0 0 0 1 0
0 1 1 1 0 0
0 0 0 0 0 0 0 0

'6'
0 1 1 1 0 0
1 0 0 0 1 0
1 0 0 0 0 0
1 0 0 0 0 0
1 1 1 1 0 0 0 0
1 0 0 0 1 0
1 0 0 0 1 0
1 0 0 0 1 0
0 1 1 1 0 0
0 0 0 0 0 0 0 0

'7'
1 1 1 1 1 0
0 0 0 0 1 0
0 0 0 0 1 0
0 0 0 0 1 0
0 0 0 1 0 0 0 0
0 0 0 1 0 0
0 0 1 0 0 0
0 0 1 0 0 0
0 0 1 0 0 0
0 0 0 0 0 0 0 0

'8'
0 1 1 1 0 0
1 0 0 0 1 0
1 0 0 0 1 0
1 0 0 0 1 0
0 1 1 1 0 0 0 0
1 0 0 0 1 0
1 0 0 0 1 0
1 0 0 0 1 0
0 1 1 1 0 0
0 0 0 0 0 0 0 0

'9'
0 1 1 1 0 0
1 0 0 0 1 0
1 0 0 0 1 0
1 0 0 0 1 0
0 1 1 1 1 0 0 0
0 0 0 0 1 0
0 0 0 0 1 0
1 0 0 0 1 0
0 1 1 1 0 0
0 0 0 0 0 0 0 0

':'
0 0 0 0 0 0
0 0 1 1 0 0
0 0 1 1 0 0
0 0 0 0 0 0
0 0 0 0 0 0 0 0
0 0 0 0 0 0
0 0 1 1 0 0
0 0 1 1 0 0
0 0 0 0 0 0
0 0 0 0 0 0 0 0

';'
0 0 0 0 0 0
0 0 1 1 0 0
0 0 1 1 0 0
0 0 0 0 0 0
0 0 0 0 0 0 0 0
0 0 0 0 0 0
0 0 1 1 0 0
0 0 1 1 0 0
0 0 0 1 0 0
0 0 1 0 0 0 0 0

'<'
0 0 0 0 1 0
0 0 0 1 0 0
0 0 1 0 0 0
0 1 0 0 0 0
1 0 0 0 0 0 0 0
1 0 0 0 0 0
0 1 0 0 0 0
0 0 1 0 0 0
0 0 0 1 0 0
0 0 0 0 1 0 0 0

'='
0 0 0 0 0 0
0 0 0 0 0 0
0 0 0 0 0 0
1 1 1 1 1 0
0 0 0 0 0 0 0 0
0 0 0 0 0 0
1 1 1 1 1 0
0 0 0 0 0 0
0 0 0 0 0 0
0 0 0 0 0 0 0 0

'>'
1 0 0 0 0 0
0 1 0 0 0 0
0 0 1 0 0 0
0 0 0 1 0 0
0 0 0 0 1 0 0 0
0 0 0 0 1 0
0 0 0 1 0 0
0 0 1 0 0 0
0 1 0 0 0 0
1 0 0 0 0 0 0 0

'?'
0 1 1 1 0 0
1 0 0 0 1 0
1 0 0 0 1 0
1 0 0 0 1 0
0 0 1 1 0 0 0 0
0 0 1 0 0 0
0 0 0 0 0 0
0 0 1 0 0 0
0 0 1 0 0 0
0 0 0 0 0 0 0 0

'@' (não tem no Pokemon FireRed!)
0 0 0 0 0 0
0 1 1 1 1 1
1 0 0 0 0 1
1 0 0 1 1 1
1 0 1 0 0 1 0 0
1 0 1 0 0 1
1 0 0 1 1 1
1 0 0 0 0 0
0 1 1 1 1 0
0 0 0 0 0 0 0 0
