eevee_back: .word 64, 64
.byte 199,199,199,199,199,199,199,199,199,199,199,199,199,199,199,199,199,199,199,199,199,199,199,199,199,199,199,199,199,199,199,199,199,199,199,199,199,199,199,199,199,199,199,199,199,199,199,199,199,199,199,199,199,199,199,199,199,199,199,199,199,199,199,199,
199,199,199,199,199,199,199,199,199,199,199,199,199,199,199,199,199,199,199,199,199,199,199,199,199,199,199,199,199,199,199,199,199,199,199,199,199,199,199,199,199,199,199,199,199,199,199,199,199,199,199,199,199,199,199,199,199,199,199,199,199,199,199,199,
199,199,199,199,199,199,199,199,199,199,199,199,199,199,199,199,199,199,199,199,199,199,199,199,199,199,199,199,199,199,199,199,199,199,199,199,199,199,199,199,199,199,199,199,199,199,199,199,199,199,199,199,199,199,199,199,199,199,199,199,199,199,199,199,
199,199,199,199,199,199,199,199,199,199,199,199,199,199,199,199,199,199,199,199,199,199,199,199,199,199,199,199,199,199,199,199,199,199,199,199,199,199,199,199,199,199,199,199,199,199,199,199,199,199,199,199,199,199,199,199,199,199,199,199,199,199,199,199,
199,199,199,199,199,199,199,199,199,199,199,199,199,199,199,199,199,199,199,199,199,199,199,199,199,199,199,199,199,199,199,199,199,199,199,199,199,199,199,199,199,199,199,199,199,199,199,199,199,199,199,199,199,199,199,199,199,199,199,199,199,199,199,199,
199,199,199,199,199,199,199,199,199,199,199,199,199,199,199,199,199,199,199,199,199,199,199,199,199,199,199,199,199,199,199,199,199,199,199,199,199,199,199,199,199,199,199,199,199,199,199,199,199,199,199,199,199,199,199,199,199,199,199,199,199,199,199,199,
199,199,199,199,199,199,199,199,199,199,199,199,199,199,199,199,199,199,199,199,199,199,199,199,199,199,199,199,199,199,199,199,199,199,199,199,199,199,199,199,199,199,199,199,199,199,199,199,199,199,199,199,199,199,199,199,199,199,199,199,199,199,199,199,
199,199,199,199,199,199,199,199,199,199,199,199,199,199,199,199,199,199,199,199,199,199,199,199,199,199,199,199,199,199,199,199,199,199,199,199,199,199,199,199,199,199,199,199,199,199,199,199,199,199,199,199,199,199,199,199,199,199,199,199,199,199,199,199,
199,199,199,199,199,199,199,199,199,199,199,199,199,199,199,199,199,199,199,199,199,199,199,199,199,199,199,199,199,199,199,199,199,199,199,199,199,199,199,199,199,199,199,199,199,199,199,199,199,199,199,199,199,199,199,199,199,199,199,199,199,199,199,199,
199,199,199,199,199,199,199,199,199,199,199,199,199,199,199,199,199,199,199,199,199,199,199,199,199,199,199,199,199,199,199,199,199,199,199,199,199,199,199,199,199,199,199,199,199,199,199,199,199,199,199,199,199,199,199,199,199,199,199,199,199,199,199,199,
199,199,199,199,199,199,199,199,199,199,199,199,199,199,199,199,199,199,199,199,199,199,199,199,199,199,199,199,199,199,199,199,199,199,199,199,199,199,199,199,199,199,199,199,199,199,199,199,199,199,199,199,199,199,199,199,199,199,199,199,199,199,199,199,
199,199,199,199,199,199,199,199,199,199,199,199,199,199,199,199,199,199,199,199,199,199,199,199,199,199,199,199,199,199,199,199,199,199,199,199,199,199,199,199,199,199,199,199,199,199,199,199,199,199,18,18,18,18,18,199,199,199,199,199,199,199,199,199,
199,199,199,199,199,199,199,199,199,199,199,199,199,199,199,199,199,199,199,199,199,199,199,199,199,199,199,199,199,199,199,199,199,199,199,199,199,199,199,199,199,199,199,199,199,199,199,18,18,18,110,110,110,110,102,18,199,199,199,199,199,199,199,199,
199,199,199,199,199,199,199,199,199,199,199,199,199,199,199,199,199,18,18,18,92,199,199,199,199,199,199,199,199,199,199,199,199,199,199,199,199,199,199,199,199,199,199,199,199,18,18,110,110,110,110,110,110,102,102,18,199,199,199,199,199,199,199,199,
199,199,199,199,199,199,199,199,199,199,199,199,199,199,199,199,18,110,110,110,110,92,18,18,199,199,199,199,199,199,199,199,199,199,199,199,199,199,199,199,199,199,199,199,18,110,110,110,110,110,110,102,102,102,92,18,199,199,199,199,199,199,199,199,
199,199,199,199,199,199,199,199,199,199,199,199,199,199,199,199,18,110,110,110,110,110,110,102,18,0,199,199,199,199,199,199,199,199,199,199,199,199,199,199,199,199,199,18,110,110,110,110,110,110,102,102,102,102,92,18,199,199,199,199,199,199,199,199,
199,199,199,199,199,199,199,199,199,199,199,199,199,199,199,199,199,92,102,110,110,110,110,110,110,110,18,0,199,199,199,199,199,199,199,199,199,199,199,199,199,199,18,110,110,110,110,110,102,102,102,102,102,92,18,199,199,199,199,199,199,199,199,199,
199,199,199,199,199,199,199,199,199,199,199,199,199,199,199,199,199,18,102,102,102,110,110,110,110,110,110,102,18,0,199,199,199,199,199,199,199,199,199,199,199,199,18,110,110,110,110,102,102,102,102,102,92,92,0,199,199,199,199,199,199,199,199,199,
199,199,199,199,199,199,199,199,199,199,199,199,199,199,199,199,199,18,102,102,102,102,102,110,110,110,102,102,102,92,0,199,199,199,199,199,199,199,199,199,199,18,110,110,110,102,102,102,102,102,92,92,92,92,0,199,199,199,199,199,199,199,199,199,
199,199,199,199,199,199,199,199,199,199,199,199,199,199,199,199,199,199,18,102,102,102,102,102,102,102,102,102,102,102,92,0,199,199,199,199,199,199,18,199,18,92,102,102,102,102,102,102,92,92,92,92,92,92,0,199,199,199,199,199,199,199,199,199,
199,199,199,199,199,199,199,199,199,92,92,92,102,199,199,199,199,199,18,102,102,102,102,102,102,102,102,102,102,102,102,92,0,199,199,199,18,18,110,18,18,102,102,102,102,102,92,92,92,92,92,92,92,18,199,199,199,199,199,199,199,199,199,199,
199,199,199,199,199,199,199,199,92,191,191,191,191,102,92,92,102,199,199,92,102,102,102,102,102,102,102,102,102,102,102,102,18,199,199,18,174,110,102,102,18,102,102,102,102,92,92,92,92,92,92,92,92,0,199,199,199,199,199,199,199,199,199,199,
199,199,199,199,199,199,199,199,199,92,102,191,191,191,191,191,191,92,92,172,18,92,92,92,102,102,102,102,102,102,102,102,102,18,18,110,110,110,102,102,18,102,92,92,92,92,92,92,92,92,92,92,18,199,199,199,199,199,199,199,199,199,199,199,
199,199,199,199,199,199,199,199,199,199,92,191,191,191,191,191,191,191,191,92,92,18,92,92,92,92,92,92,102,102,102,102,102,110,110,110,110,110,102,92,92,92,92,92,92,92,92,92,92,92,92,92,0,199,199,199,199,199,199,199,199,199,199,199,
199,199,199,199,199,199,199,199,199,199,92,174,174,191,191,191,191,191,191,191,191,92,92,92,92,92,92,92,92,92,92,92,110,110,110,110,110,102,102,92,92,92,92,92,92,92,92,92,92,92,92,0,199,199,199,199,199,199,199,199,199,199,199,199,
199,199,199,199,199,199,199,199,199,199,199,92,174,174,191,191,191,191,191,191,191,191,102,92,92,92,92,92,92,92,92,102,102,110,110,110,102,102,102,102,92,92,92,92,92,92,92,92,92,18,0,199,199,199,199,199,199,199,199,199,199,199,199,199,
199,199,199,199,199,199,199,199,199,199,199,92,174,174,191,191,191,191,191,191,191,191,191,102,18,18,92,92,92,18,102,102,102,102,102,102,102,102,102,102,92,92,92,92,92,92,92,18,0,199,199,199,199,199,199,199,199,199,199,199,199,199,199,199,
199,199,199,199,199,199,199,199,199,199,199,199,92,174,174,191,191,191,191,191,191,191,191,191,102,18,18,18,92,18,102,102,102,102,102,102,102,102,102,102,92,92,92,18,18,0,0,0,199,199,199,199,199,199,199,199,199,199,199,199,199,199,199,199,
199,199,199,199,199,199,199,199,199,199,199,199,92,174,174,174,191,191,191,191,191,191,191,110,174,18,172,172,18,102,102,102,102,102,102,102,102,102,102,92,92,92,92,92,92,92,92,0,199,199,199,199,199,199,199,199,199,199,199,199,199,199,199,199,
199,199,199,199,199,199,199,199,199,199,199,199,92,174,174,174,191,191,191,191,191,191,110,174,110,110,18,172,18,102,102,102,102,102,102,102,102,102,102,92,92,92,92,92,92,92,92,18,199,199,199,199,199,199,199,199,199,199,199,199,199,199,199,199,
199,199,199,199,199,199,199,199,199,199,199,199,199,92,174,174,174,191,191,191,191,191,174,110,174,110,102,18,92,92,92,92,92,92,92,102,102,92,92,92,92,92,92,92,92,92,92,92,0,199,199,199,199,199,199,199,199,199,199,199,199,199,199,199,
199,199,199,199,199,199,199,199,199,199,199,199,199,92,110,191,174,191,191,191,110,174,110,174,110,110,110,102,18,102,191,191,191,191,191,92,92,92,92,92,92,92,92,92,92,92,92,92,0,199,199,199,199,199,199,199,199,199,199,199,199,199,199,199,
199,199,199,199,199,199,199,199,199,199,199,199,199,0,174,110,191,110,191,110,174,110,174,110,110,110,110,102,18,174,191,191,191,191,191,191,191,191,191,92,92,92,92,92,92,92,92,92,92,0,199,199,199,199,199,199,199,199,199,199,199,199,199,199,
199,199,199,199,199,199,199,199,199,199,199,199,199,0,102,174,110,174,110,174,110,174,110,110,110,110,110,110,102,18,174,174,191,191,191,191,191,191,191,191,191,92,92,92,92,92,92,92,92,0,199,199,199,199,199,199,199,199,199,199,199,199,199,199,
199,199,199,199,199,199,199,199,199,199,199,199,199,0,102,102,174,102,174,102,102,102,110,110,110,110,110,110,102,18,174,174,174,174,174,191,191,191,191,191,191,174,191,92,92,92,92,92,92,0,199,199,199,199,199,199,199,199,199,199,199,199,199,199,
199,199,199,199,199,199,199,199,199,199,199,199,199,0,102,102,102,102,102,102,102,102,110,110,110,110,110,110,110,102,18,18,18,92,174,174,174,174,191,191,174,191,174,191,92,92,92,92,0,199,199,199,199,199,199,199,199,199,199,199,199,199,199,199,
199,199,199,199,199,199,199,199,199,199,199,199,199,18,102,102,102,102,102,102,102,102,102,110,110,110,110,110,110,102,18,102,102,102,18,18,174,174,174,191,191,174,191,174,191,92,92,92,0,199,199,199,199,199,199,199,199,199,199,199,199,199,199,199,
199,199,199,199,199,199,199,199,199,199,199,199,199,199,0,102,102,102,102,102,102,102,102,110,110,110,110,110,110,102,92,18,102,102,102,102,18,18,174,174,174,191,174,191,191,191,92,0,199,199,199,199,199,199,199,199,199,199,199,199,199,199,199,199,
199,199,199,199,199,199,199,199,199,199,199,199,199,199,0,102,102,102,102,102,102,102,102,102,110,110,110,110,110,102,92,18,102,102,102,102,102,102,18,174,191,174,191,191,191,191,92,0,199,199,199,199,199,199,199,199,199,199,199,199,199,199,199,199,
199,199,199,199,199,199,199,199,199,199,199,199,199,199,18,102,102,102,102,102,102,102,102,102,102,110,110,110,102,92,92,18,102,102,102,102,102,102,92,18,174,191,191,191,191,174,174,92,199,199,199,199,199,199,199,199,199,199,199,199,199,199,199,199,
199,199,199,199,199,199,199,199,199,199,199,199,199,199,199,18,102,102,102,102,102,102,102,102,102,102,102,102,102,92,92,18,102,102,102,102,102,102,102,92,18,174,191,191,174,174,174,92,199,199,199,199,199,199,199,199,199,199,199,199,199,199,199,199,
199,199,199,199,199,199,199,199,199,199,199,199,199,199,199,0,102,102,102,102,102,102,102,102,102,102,102,102,92,92,92,18,102,102,102,102,102,102,102,102,92,18,174,174,174,174,174,109,92,199,199,199,199,199,199,199,199,199,199,199,199,199,199,199,
199,199,199,199,199,199,199,199,199,199,199,199,199,199,199,199,0,92,92,102,102,102,102,102,102,102,102,92,92,92,92,18,102,102,102,102,102,102,102,102,92,18,174,174,174,174,174,109,0,199,199,199,199,199,199,199,199,199,199,199,199,199,199,199,
199,199,199,199,199,199,199,199,199,199,199,199,199,199,199,199,199,0,92,92,102,102,102,102,102,92,92,92,92,92,18,102,102,102,102,102,102,102,102,102,92,92,18,174,174,174,109,109,0,199,199,199,199,199,199,199,199,199,199,199,199,199,199,199,
199,199,199,199,199,199,199,199,199,199,199,199,199,199,199,199,199,199,0,92,92,92,92,92,92,92,92,92,92,92,18,92,102,102,102,102,102,102,102,92,92,92,0,109,174,174,109,92,199,199,199,199,199,199,199,199,199,199,199,199,199,199,199,199,
199,199,199,199,199,199,199,199,199,199,199,199,199,199,199,199,199,199,199,0,18,92,92,92,92,92,92,92,92,92,92,92,92,102,102,102,102,102,92,92,92,92,0,109,109,109,109,0,199,199,199,199,199,199,199,199,199,199,199,199,199,199,199,199,
199,199,199,199,199,199,199,199,199,199,199,199,199,199,199,199,199,199,199,199,0,0,18,92,92,18,92,18,92,18,18,18,92,92,92,102,102,92,92,92,92,92,92,18,109,109,0,199,199,199,199,199,199,199,199,199,199,199,199,199,199,199,199,199,
199,199,199,199,199,199,199,199,199,199,199,199,199,199,199,199,199,199,199,199,0,92,92,92,18,92,18,92,18,110,102,110,18,92,92,92,92,92,92,92,92,92,92,0,109,92,199,199,199,199,199,199,199,199,199,199,199,199,199,199,199,199,199,199,
199,199,199,199,199,199,199,199,199,199,199,199,199,199,199,199,199,199,199,199,0,92,92,92,92,18,92,0,110,102,110,102,102,0,92,92,92,92,92,18,92,92,92,18,109,0,199,199,199,199,199,199,199,199,199,199,199,199,199,199,199,199,199,199,
199,199,199,199,199,199,199,199,199,199,199,199,199,199,199,199,199,199,199,199,18,92,92,18,0,92,0,18,102,102,102,102,102,18,92,92,92,92,18,92,92,92,0,109,0,199,199,199,199,199,199,199,199,199,199,199,199,199,199,199,199,199,199,199,
199,199,199,199,199,199,199,199,199,199,199,199,199,199,199,199,199,199,199,18,92,92,92,92,92,0,0,102,102,102,102,102,102,102,0,92,92,92,0,92,92,92,0,0,199,199,199,199,199,199,199,199,199,199,199,199,199,199,199,199,199,199,199,199,
199,199,199,199,199,199,199,199,199,199,199,199,199,199,199,199,199,199,199,0,92,102,102,92,92,92,0,102,102,102,92,92,102,102,18,92,92,92,0,92,92,92,0,199,199,199,199,199,199,199,199,199,199,199,199,199,199,199,199,199,199,199,199,199,
199,199,199,199,199,199,199,199,199,199,199,199,199,199,199,199,199,199,199,0,102,102,102,102,92,92,0,102,102,92,92,92,92,102,102,0,92,0,92,92,92,92,92,0,199,199,199,199,199,199,199,199,199,199,199,199,199,199,199,199,199,199,199,199,
199,199,199,199,199,199,199,199,199,199,199,199,199,199,199,199,199,199,199,0,102,102,102,102,102,92,92,0,102,92,92,92,92,102,102,0,0,18,18,92,92,92,92,0,199,199,199,199,199,199,199,199,199,199,199,199,199,199,199,199,199,199,199,199,
199,199,199,199,199,199,199,199,199,199,199,199,199,199,199,199,199,199,199,199,199,199,199,199,199,199,199,199,199,199,199,199,199,199,199,199,199,199,199,199,199,199,199,199,199,199,199,199,199,199,199,199,199,199,199,199,199,199,199,199,199,199,199,199,
199,199,199,199,199,199,199,199,199,199,199,199,199,199,199,199,199,199,199,199,199,199,199,199,199,199,199,199,199,199,199,199,199,199,199,199,199,199,199,199,199,199,199,199,199,199,199,199,199,199,199,199,199,199,199,199,199,199,199,199,199,199,199,199,
199,199,199,199,199,199,199,199,199,199,199,199,199,199,199,199,199,199,199,199,199,199,199,199,199,199,199,199,199,199,199,199,199,199,199,199,199,199,199,199,199,199,199,199,199,199,199,199,199,199,199,199,199,199,199,199,199,199,199,199,199,199,199,199,
199,199,199,199,199,199,199,199,199,199,199,199,199,199,199,199,199,199,199,199,199,199,199,199,199,199,199,199,199,199,199,199,199,199,199,199,199,199,199,199,199,199,199,199,199,199,199,199,199,199,199,199,199,199,199,199,199,199,199,199,199,199,199,199,
199,199,199,199,199,199,199,199,199,199,199,199,199,199,199,199,199,199,199,199,199,199,199,199,199,199,199,199,199,199,199,199,199,199,199,199,199,199,199,199,199,199,199,199,199,199,199,199,199,199,199,199,199,199,199,199,199,199,199,199,199,199,199,199,
199,199,199,199,199,199,199,199,199,199,199,199,199,199,199,199,199,199,199,199,199,199,199,199,199,199,199,199,199,199,199,199,199,199,199,199,199,199,199,199,199,199,199,199,199,199,199,199,199,199,199,199,199,199,199,199,199,199,199,199,199,199,199,199,
199,199,199,199,199,199,199,199,199,199,199,199,199,199,199,199,199,199,199,199,199,199,199,199,199,199,199,199,199,199,199,199,199,199,199,199,199,199,199,199,199,199,199,199,199,199,199,199,199,199,199,199,199,199,199,199,199,199,199,199,199,199,199,199,
199,199,199,199,199,199,199,199,199,199,199,199,199,199,199,199,199,199,199,199,199,199,199,199,199,199,199,199,199,199,199,199,199,199,199,199,199,199,199,199,199,199,199,199,199,199,199,199,199,199,199,199,199,199,199,199,199,199,199,199,199,199,199,199,
199,199,199,199,199,199,199,199,199,199,199,199,199,199,199,199,199,199,199,199,199,199,199,199,199,199,199,199,199,199,199,199,199,199,199,199,199,199,199,199,199,199,199,199,199,199,199,199,199,199,199,199,199,199,199,199,199,199,199,199,199,199,199,199,
199,199,199,199,199,199,199,199,199,199,199,199,199,199,199,199,199,199,199,199,199,199,199,199,199,199,199,199,199,199,199,199,199,199,199,199,199,199,199,199,199,199,199,199,199,199,199,199,199,199,199,199,199,199,199,199,199,199,199,199,199,199,199,199,


